2.67365 -40.87
2.80873 -46.96
2.95979 -47.39
3.62695 -19.85
3.73265 -13.47
3.90077 -5.782
4.60753 49.41
4.78429 58.66
4.90699 63.2
5.60503 45.6
5.92544 17.88
11.6443 -45.5
11.8378 -38.98
12.6355 27.27
12.8664 32.45
13.6242 63.38
13.8295 54.78
14.6428 -1.34
14.7229 -5.477
14.8161 -10.73
14.9043 -26.29
15.6261 -50.68
15.7467 -45.78
15.8654 -57.54
16.6149 10.56
16.7592 12.91
16.8474 16.4
17.7341 63.64
17.8442 60.48
18.6161 26.29
18.7648 5.988
18.854  -7.798
19.6218 -43.62
19.7325 -59.45
19.8473 -58.6
20.6137 -20.22
20.7401 -8.064
20.8543 5.596
21.6151 56.41
21.662  59.26
21.7063 66.78
23.5986 -35.13
23.6448 -37.3
23.6904 -31.35
23.7258 -42.57
24.6391 -33.47
24.7261 -27.46
24.8174 -22.7
25.6226 45.34
25.7145 47.61
25.7615 56.15
26.6176 65.32
26.6508 69.63
26.702  62.54
26.7366 50.86
27.6474 -22.66
27.6893 -22.55
27.7399 -31.82
27.7721 -31.72
28.6061 -44.12
28.6556 -33.59
28.7019 -37.1
28.745  -39.13
28.7799 -35.32
29.6093 25.09
29.7001 35.69
29.7468 41.17
30.6004 61.33
30.6454 58.98
30.693  63.07
30.7402 56.86
30.8334 50.98
31.6619 -2.545
31.7052 0.7633
31.7492 -4.599
32.6045 -38.53
32.6479 -48.68
32.6943 -38.84
33.6073 2.696
33.6527 11.46
33.6982 14.02
33.7331 17.55
35.597  19.74
40.7493 -41.45
41.6045 -21.47
41.6932 -20.37
41.7388 -21.67
43.6442 49.31
44.6498 -35.66
45.6065 -38.28
46.6779 34.98
46.723  37.54
58.5843 -24
68.6826 73.89
72.6462 58.57
73.6713 13.45
86.7296 -21.9
87.5888 -47.91
88.6111 -1.292
89.6847 60.15
90.6612 10.59
91.6137 -49.72
182.026 22.41
215.981 41.06
232.969 42.39
235.954 -40.99
262.991 61.66
288.933 47.51
298.923 -40.99
304.889 45.03
326.896 53.51
